信用减值损失 26,426,079.61 6,939,637.08
固定资产折旧、油气资产折耗、生
87,076,319.55 61,911,702.85
产性生物资产折旧
使用权资产摊销 17,530,902.54 16,457,969.03
无形资产摊销 1,157,891.99 1,357,261.49
长期待摊费用摊销 47,068,328.76 9,115,724.65
处置固定资产、无形资产和其他
长期资产的损失（收益以“－”号 -190,750.31 -4,454,908.74
填列）
固定资产报废损失（收益以“－”
137,295.02 738,381.48
号填列）
公允价值变动损失（收益以“－”
号填列）
财务费用（收益以“－”号填列） 3,617,420.06 6,774,481.42
投资损失（收益以“－”号填列） -811,376.18 -6,209,766.47
递延所得税资产减少（增加以
5,008,760.48 1,952,627.88
“－”号填列）
递延所得税负债增加（减少以
-4,410,015.05 -273,712.35
“－”号填列）
存货的减少（增加以“－”号填列） -262,697,985.81 11,476,990.46
经营性应收项目的减少（增加以
624,437,873.89 72,565,047.22
“－”号填列）
经营性应付项目的增加（减少以
-632,034,666.36 -194,072,059.06
“－”号填列）
其他
经营活动产生的现金流量净额 34,996,611.49 103,966,763.58
2．不涉及现金收支的重大投资和筹资活动：
债务转为资本
一年内到期的可转换公司债券
融资租入固定资产
3．现金及现金等价物净变动情况：
现金的期末余额 114,158,509.63 637,016,852.29
减：现金的期初余额 637,016,852.29 1,001,580,083.65
加：现金等价物的期末余额
减：现金等价物的期初余额
现金及现金等价物净增加额 -522,858,342.66 -364,563,231.36
更正后：
单位：元币种：人民币
补充资料 本期金额 上期金额
1．将净利润调节为经营活动现金流量：
净利润 97,150,344.42 104,687,386.64
加：资产减值准备 25,530,188.88 15,000,000.00

信用减值损失 26,426,079.61 6,939,637.08
固定资产折旧、油气资产折耗、生
87,076,319.55 61,911,702.85
产性生物资产折旧
使用权资产摊销 17,530,902.54 16,457,969.03
无形资产摊销 1,157,891.99 1,357,261.49
长期待摊费用摊销 47,068,328.76 9,115,724.65
处置固定资产、无形资产和其他
长期资产的损失（收益以“－”号 -190,750.31 -4,454,908.74
填列）
固定资产报废损失（收益以“－”
137,295.02 738,381.48
号填列）
公允价值变动损失（收益以“－”
号填列）
财务费用（收益以“－”号填列） 3,617,420.06 6,774,481.42
投资损失（收益以“－”号填列） -811,376.18 -6,209,766.47
递延所得税资产减少（增加以
5,008,760.48 1,952,627.88
“－”号填列）
递延所得税负债增加（减少以
-4,410,015.05 -273,712.35
“－”号填列）
存货的减少（增加以“－”号填列） -262,697,985.81 11,476,990.46
经营性应收项目的减少（增加以
30,328,098.03 72,565,047.22
“－”号填列）
经营性应付项目的增加（减少以
-37,924,890.50 -194,072,059.06
“－”号填列）
其他
经营活动产生的现金流量净额 34,996,611.49 103,966,763.58
2．不涉及现金收支的重大投资和筹资活动：
债务转为资本
一年内到期的可转换公司债券
融资租入固定资产
3．现金及现金等价物净变动情况：
现金的期末余额 114,158,509.63 637,016,852.29
减：现金的期初余额 637,016,852.29 1,001,580,083.65
加：现金等价物的期末余额
减：现金等价物的期初余额
现金及现金等价物净增加额 -522,858,342.66 -364,563,231.36
除以上更正内容外，公司《2023年年度报告》的其他内容不变，由此给投
资者造成的不便，公司深表歉意，敬请广大投资者谅解。

特此公告。
河北福成五丰食品股份有限公司
二〇二四年六月十九日
