技
术
开
5,954,429.41 5,954,429.41 7,451,703.29 7,451,703.29
发
成
本
在
途
4,024,470.69 4,024,470.69
物
资
发
出
1,395,624.25 1,395,624.25 2,172.79 2,172.79
商
品
原
501,862,642. 53,378,125. 448,484,516. 104,774,103. 9,843,791.2 94,930,312.1
材
25 90 35 40 3 7
料
半
10,138,675.7 10,031,257.2
成 107,418.49
7 8
品
委
托
加 180,951,220. 11,172,633. 169,778,587. 187,663,215. 2,921,607.0 184,741,608.
工 63 38 25 23 5 18
物
资
库
存 273,750,363. 32,154,987. 241,595,375. 205,279,394. 15,231,436. 190,047,957.
商 35 48 87 54 60 94
品
合 976,251,634. 96,817,991. 879,433,642. 509,559,036. 27,996,834. 481,562,201.
计 14 41 73 76 88 88
二、其他说明
除上述更正内容外，公司《2022年年度报告》、《2022年审计报告》其他
内容不变，更正后的《2022年年度报告（修订版）》、《2022年审计报告》于
本公告同日披露于上海证券交易所网站（www.sse.com.cn），供投资者查阅。
公司对此次更正给广大投资者带来的不便深表歉意。今后，公司工作人员
将加强对披露文件的编制和审核工作，提高信息披露质量。
特此公告。

上海艾为电子技术股份有限公司董事会
2023年 5月27日
